0 0.30625 0.23828125 0.20546875 0.16015625
0 0.47265625 0.175 0.1640625 0.1625
0 0.65234375 0.15 0.1640625 0.13671875
0 0.75390625 0.296875 0.18515625 0.125
0 0.65078125 0.40078125 0.171875 0.14921875
0 0.4640625 0.3859375 0.1734375 0.07734375
0 0.103125 0.321875 0.16953125 0.17109375
0 0.2453125 0.4828125 0.21484375 0.16875
0 0.084375 0.64375 0.1015625 0.15546875
0 0.36171875 0.6671875 0.140625 0.18125
0 0.55546875 0.5203125 0.2203125 0.11015625
0 0.7359375 0.51484375 0.1484375 0.1078125
0 0.5796875 0.646875 0.18515625 0.11328125
0 0.78046875 0.6546875 0.24375 0.14140625
0 0.75 0.803125 0.16640625 0.09765625
0 0.5171875 0.83515625 0.1390625 0.1109375
0 0.28515625 0.84921875 0.23203125 0.13984375