0 0.76640625 0.759375 0.175 0.234375
0 0.76875 0.50390625 0.1984375 0.1671875
0 0.5328125 0.58203125 0.1609375 0.253125
0 0.26640625 0.79765625 0.228125 0.2484375
0 0.26171875 0.50390625 0.165625 0.146875
0 0.2453125 0.29453125 0.1515625 0.128125
0 0.18515625 0.11484375 0.184375 0.1375
0 0.37578125 0.0453125 0.128125 0.078125
0 0.4859375 0.17265625 0.184375 0.1328125
0 0.440625 0.34375 0.178125 0.090625
0 0.6546875 0.30546875 0.171875 0.140625
0 0.79921875 0.23984375 0.1984375 0.146875
0 0.68515625 0.125 0.153125 0.11875
0 0.8609375 0.1015625 0.16875 0.203125