0 0.19296875 0.1390625 0.2125 0.2484375
0 0.09921875 0.37109375 0.178125 0.2515625
0 0.08125 0.584375 0.153125 0.215625
0 0.075 0.765625 0.1421875 0.196875
0 0.24140625 0.875 0.1125 0.1796875
0 0.35390625 0.75234375 0.1359375 0.128125
0 0.29765625 0.5390625 0.1328125 0.253125
0 0.403125 0.2953125 0.175 0.146875
0 0.6046875 0.0765625 0.259375 0.153125
0 0.6703125 0.4140625 0.184375 0.1375
0 0.4890625 0.6421875 0.115625 0.190625
0 0.50078125 0.85546875 0.11875 0.1609375
0 0.6390625 0.63359375 0.14375 0.190625
0 0.63046875 0.840625 0.1328125 0.184375
0 0.82109375 0.81796875 0.115625 0.2265625
0 0.890625 0.60546875 0.121875 0.165625
0 0.87578125 0.3046875 0.1375 0.275