0 0.24375 0.25 0.225 0.175
0 0.4265625 0.18046875 0.18125 0.178125
0 0.6234375 0.153125 0.18125 0.15
0 0.73515625 0.3140625 0.203125 0.1375
0 0.62265625 0.428125 0.1890625 0.1640625
0 0.4171875 0.4125 0.190625 0.084375
0 0.05703125 0.34140625 0.1125 0.1875
0 0.17734375 0.51796875 0.2359375 0.184375
0 0.028125 0.6953125 0.05625 0.1703125
0 0.3046875 0.7203125 0.1546875 0.2
0 0.5171875 0.559375 0.240625 0.121875
0 0.715625 0.553125 0.1625 0.11875
0 0.54375 0.69765625 0.203125 0.125
0 0.76484375 0.70703125 0.2671875 0.15625
0 0.73125 0.86953125 0.1828125 0.10625
0 0.47578125 0.9046875 0.153125 0.121875
0 0.2203125 0.9203125 0.2546875 0.153125