0 0.24296875 0.290625 0.196875 0.1546875
0 0.2609375 0.54296875 0.24375 0.24765625
0 0.2015625 0.79453125 0.2625 0.21875
0 0.5109375 0.609375 0.20625 0.171875
0 0.7390625 0.8578125 0.1734375 0.22109375
0 0.78515625 0.59453125 0.1953125 0.16796875
0 0.69453125 0.3953125 0.2125 0.17578125
0 0.846875 0.3046875 0.1859375 0.16171875
0 0.8921875 0.1859375 0.1796875 0.20078125
0 0.7171875 0.1375 0.16796875 0.1546875
0 0.53671875 0.1796875 0.14375 0.18203125
0 0.46328125 0.38359375 0.17265625 0.178125
0 0.43828125 0.07421875 0.19375 0.1484375
0 0.2859375 0.11953125 0.18125 0.16640625