0 0.71484375 0.246875 0.159375 0.203125
0 0.45546875 0.265625 0.25625 0.2515625
0 0.19609375 0.2046875 0.225 0.271875
0 0.38671875 0.5234375 0.178125 0.2125
0 0.1296875 0.75859375 0.228125 0.1796875
0 0.40234375 0.80625 0.1734375 0.2015625
0 0.6078125 0.7125 0.18125 0.21875
0 0.70078125 0.86953125 0.165625 0.1921875
0 0.82421875 0.91171875 0.2078125 0.1765625
0 0.8734375 0.7359375 0.159375 0.1734375
0 0.8296875 0.55 0.1875 0.1484375
0 0.61953125 0.47421875 0.184375 0.178125
0 0.93125 0.4484375 0.1375 0.2
0 0.89140625 0.29140625 0.171875 0.1875