0 0.14140625 0.21640625 0.240625 0.20625
0 0.36640625 0.12578125 0.24375 0.1734375
0 0.57265625 0.1078125 0.20859375 0.14921875
0 0.7484375 0.10234375 0.18984375 0.1375
0 0.8546875 0.26328125 0.1734375 0.10859375
0 0.7359375 0.37265625 0.1234375 0.13203125
0 0.5296875 0.31875 0.24609375 0.12890625
0 0.29296875 0.4203125 0.14296875 0.16875
0 0.07890625 0.615625 0.15234375 0.25078125
0 0.4078125 0.6796875 0.134375 0.1796875
0 0.62890625 0.503125 0.18515625 0.1125
0 0.8359375 0.51484375 0.15625 0.11640625
0 0.62109375 0.64921875 0.18515625 0.1390625
0 0.821875 0.640625 0.1796875 0.12890625
0 0.79921875 0.825 0.21875 0.1109375
0 0.59375 0.89296875 0.16171875 0.11796875
0 0.30234375 0.87890625 0.265625 0.1328125