0 0.75859375 0.7609375 0.1734375 0.2328125
0 0.7609375 0.50859375 0.19609375 0.165625
0 0.528125 0.5859375 0.159375 0.25
0 0.2640625 0.7984375 0.2265625 0.24609375
0 0.259375 0.50859375 0.16484375 0.14453125
0 0.24296875 0.30078125 0.15 0.12734375
0 0.1828125 0.1234375 0.1828125 0.13671875
0 0.371875 0.0546875 0.1265625 0.078125
0 0.48125 0.18046875 0.18125 0.13125
0 0.4359375 0.35 0.1765625 0.08984375
0 0.64765625 0.31171875 0.17109375 0.1390625
0 0.79140625 0.246875 0.19609375 0.14453125
0 0.678125 0.13359375 0.1515625 0.11875
0 0.85234375 0.10546875 0.165625 0.2109375