0 0.11875 0.4015625 0.071875 0.165625
0 0.12734375 0.6265625 0.065625 0.178125
0 0.18046875 0.41796875 0.065625 0.271875
0 0.19453125 0.61640625 0.0625 0.20625
0 0.26953125 0.6765625 0.046875 0.2359375
0 0.36640625 0.65703125 0.0890625 0.2578125
0 0.47734375 0.759375 0.13125 0.18125
0 0.628125 0.72421875 0.1515625 0.265625
0 0.7890625 0.54375 0.24375 0.153125
0 0.91796875 0.728125 0.121875 0.3671875
0 0.90625 0.2390625 0.1875 0.4234375
0 0.7015625 0.26171875 0.15625 0.30625
0 0.54140625 0.27265625 0.1484375 0.3375
0 0.49453125 0.5140625 0.1328125 0.328125
0 0.40859375 0.34140625 0.109375 0.259375
0 0.3234375 0.33125 0.084375 0.234375
0 0.23515625 0.32265625 0.1109375 0.325