0 0.89921875 0.1375 0.146875 0.240625
0 0.82109375 0.22890625 0.1921875 0.19375
0 0.7703125 0.3859375 0.2 0.246875
0 0.69296875 0.525 0.215625 0.253125
0 0.5921875 0.69921875 0.271875 0.240625
0 0.39921875 0.9390625 0.3421875 0.121875
0 0.0734375 0.73671875 0.146875 0.334375
0 0.12734375 0.44375 0.246875 0.19375
0 0.2625 0.64765625 0.253125 0.2625
0 0.3671875 0.39453125 0.275 0.3609375
0 0.46953125 0.22421875 0.1796875 0.23125
0 0.6015625 0.10859375 0.1515625 0.215625
0 0.7046875 0.06015625 0.159375 0.11875