0 0.290625 0.8984375 0.5 0.190625
0 0.459375 0.6265625 0.35625 0.346875
0 0.2890625 0.58515625 0.1015625 0.24375
0 0.1046875 0.4953125 0.203125 0.35
0 0.29140625 0.33671875 0.2984375 0.23125
0 0.48359375 0.2390625 0.175 0.1984375
0 0.63046875 0.434375 0.28125 0.20625
0 0.73203125 0.2671875 0.2125 0.184375
0 0.825 0.18984375 0.190625 0.2
0 0.884375 0.09765625 0.203125 0.1953125
0 0.91875 0.03828125 0.1375 0.0765625
0 0.91875 0.0203125 0.1625 0.040625
0 0.609375 0.02265625 0.15625 0.04375
0 0.55234375 0.11015625 0.128125 0.2203125
0 0.35234375 0.1546875 0.1421875 0.1921875