0 0.37734375 0.1796875 0.28828125 0.0859375
0 0.57734375 0.16484375 0.2015625 0.07109375
0 0.621875 0.28125 0.225 0.0859375
0 0.36328125 0.25546875 0.15625 0.03828125
0 0.31484375 0.30078125 0.25703125 0.09765625
0 0.23125 0.440625 0.2890625 0.11484375
0 0.1921875 0.56015625 0.384375 0.0859375
0 0.59453125 0.51015625 0.21796875 0.103125
0 0.6703125 0.4046875 0.225 0.08828125
0 0.77890625 0.68046875 0.1859375 0.1734375
0 0.4734375 0.65546875 0.32578125 0.109375
0 0.20390625 0.7171875 0.22734375 0.2015625
0 0.6578125 0.90390625 0.44921875 0.1921875
0 0.16484375 0.93125 0.32890625 0.13671875