0 0.69765625 0.41328125 0.240625 0.278125
0 0.48984375 0.1765625 0.3796875 0.209375
0 0.359375 0.5140625 0.1828125 0.3859375
0 0.2015625 0.465625 0.159375 0.353125
0 0.35625 0.76484375 0.2421875 0.221875
0 0.446875 0.925 0.215625 0.15
0 0.56328125 0.8546875 0.275 0.01875
0 0.60234375 0.8125 0.209375 0.103125
0 0.71640625 0.64921875 0.3296875 0.2125
0 0.815625 0.8015625 0.2703125 0.209375
0 0.871875 0.8984375 0.25 0.203125
0 0.9265625 0.9484375 0.146875 0.09375
0 0.62734375 0.9203125 0.165625 0.159375