0 0.3671875 0.165625 0.3 0.0890625
0 0.57421875 0.15078125 0.209375 0.0734375
0 0.6203125 0.27109375 0.234375 0.0890625
0 0.3515625 0.24453125 0.1625 0.040625
0 0.30234375 0.2921875 0.265625 0.1015625
0 0.21484375 0.43671875 0.3 0.11875
0 0.1875 0.56171875 0.375 0.0890625
0 0.5921875 0.509375 0.2265625 0.10625
0 0.67109375 0.4 0.234375 0.090625
0 0.78359375 0.68515625 0.1921875 0.1796875
0 0.46640625 0.659375 0.3375 0.1125
0 0.18671875 0.7234375 0.2359375 0.209375
0 0.6578125 0.90859375 0.465625 0.18125
0 0.15859375 0.9375 0.315625 0.125