0 0.85390625 0.47421875 0.26875 0.3015625
0 0.73515625 0.89296875 0.259375 0.1546875
0 0.91875 0.79296875 0.1625 0.4140625
0 0.50703125 0.8875 0.121875 0.225
0 0.57109375 0.5203125 0.240625 0.4
0 0.68828125 0.2265625 0.265625 0.2703125
0 0.46171875 0.3 0.178125 0.375
0 0.375 0.6203125 0.146875 0.328125
0 0.209375 0.59375 0.140625 0.265625
0 0.2953125 0.46015625 0.19375 0.1671875
0 0.3421875 0.2140625 0.171875 0.275
0 0.225 0.1640625 0.103125 0.328125
0 0.16171875 0.375 0.109375 0.215625
0 0.065625 0.378125 0.09375 0.25625
0 0.128125 0.14921875 0.090625 0.2421875