0 0.89296875 0.3625 0.06875 0.1546875
0 0.88359375 0.5703125 0.0875 0.196875
0 0.815625 0.371875 0.084375 0.1875
0 0.803125 0.57734375 0.065625 0.209375
0 0.68515625 0.5984375 0.084375 0.196875
0 0.5859375 0.55625 0.0625 0.16875
0 0.48046875 0.6578125 0.109375 0.165625
0 0.47890625 0.49375 0.05625 0.121875
0 0.3703125 0.5765625 0.090625 0.1890625
0 0.28828125 0.478125 0.1328125 0.10625
0 0.228125 0.5828125 0.0703125 0.1765625
0 0.20234375 0.346875 0.178125 0.2015625
0 0.33671875 0.31171875 0.1109375 0.2125
0 0.43359375 0.32578125 0.140625 0.14375
0 0.54765625 0.3109375 0.103125 0.1875
0 0.6328125 0.33203125 0.09375 0.175
0 0.734375 0.3515625 0.084375 0.18125