0 0.85859375 0.27578125 0.23984375 0.1671875
0 0.65625 0.1703125 0.1546875 0.07265625
0 0.5828125 0.35 0.11015625 0.12578125
0 0.44140625 0.62890625 0.234375 0.16640625
0 0.82109375 0.4203125 0.22890625 0.1203125
0 0.65 0.50234375 0.21796875 0.1140625
0 0.721875 0.73984375 0.14296875 0.23828125
0 0.10234375 0.74296875 0.203125 0.25234375
0 0.115625 0.51171875 0.23125 0.11171875
0 0.4546875 0.878125 0.2875 0.24375
0 0.41796875 0.421875 0.2609375 0.1484375
0 0.43828125 0.27421875 0.27421875 0.14609375
0 0.121875 0.93359375 0.2375 0.1328125
0 0.6640625 0.24453125 0.2 0.11171875