0 0.4671875 0.2125 0.178125 0.128125
0 0.32265625 0.29453125 0.1484375 0.16875
0 0.096875 0.35 0.16875 0.19375
0 0.1734375 0.428125 0.14375 0.1765625
0 0.27109375 0.73359375 0.275 0.340625
0 0.07578125 0.69453125 0.15 0.3
0 0.4546875 0.63984375 0.2140625 0.2546875
0 0.52890625 0.425 0.1375 0.253125
0 0.63046875 0.2890625 0.0828125 0.1640625
0 0.68125 0.56171875 0.1984375 0.2484375
0 0.79765625 0.5625 0.109375 0.2140625
0 0.8359375 0.559375 0.1875 0.275
0 0.77734375 0.28671875 0.140625 0.2125
0 0.91328125 0.275 0.103125 0.153125
0 0.9390625 0.521875 0.121875 0.2125