0 0.8078125 0.74375 0.38359375 0.19921875
0 0.58671875 0.20625 0.16328125 0.053125
0 0.31015625 0.11953125 0.19921875 0.05703125
0 0.52578125 0.10703125 0.16015625 0.05703125
0 0.33203125 0.17265625 0.1625 0.0578125
0 0.3 0.21640625 0.25 0.03671875
0 0.33984375 0.28984375 0.28828125 0.07578125
0 0.30234375 0.33671875 0.25 0.07109375
0 0.30703125 0.4453125 0.2453125 0.1171875
0 0.26015625 0.5890625 0.29609375 0.10703125
0 0.29765625 0.7515625 0.26875 0.1625
0 0.565625 0.6515625 0.18828125 0.19375
0 0.71640625 0.5109375 0.30703125 0.13671875
0 0.52265625 0.40234375 0.21796875 0.10625
0 0.76953125 0.39296875 0.2203125 0.15703125
0 0.59921875 0.2828125 0.215625 0.103125
0 0.5109375 0.14609375 0.21953125 0.06484375