0 0.21875 0.76015625 0.29296875 0.25234375
0 0.35234375 0.53828125 0.24296875 0.20859375
0 0.4671875 0.415625 0.15859375 0.1828125
0 0.55625 0.2703125 0.16015625 0.2109375
0 0.56875 0.190625 0.128125 0.12265625
0 0.64375 0.14375 0.1203125 0.08125
0 0.7015625 0.1046875 0.1421875 0.11875
0 0.9328125 0.190625 0.10625 0.08046875
0 0.859375 0.22109375 0.16796875 0.1
0 0.84296875 0.340625 0.19140625 0.12890625
0 0.8265625 0.40234375 0.2203125 0.1296875
0 0.67890625 0.45234375 0.14375 0.14453125
0 0.81640625 0.55 0.1484375 0.16796875
0 0.71015625 0.665625 0.25546875 0.20625
0 0.59140625 0.709375 0.175 0.12265625
0 0.59765625 0.85859375 0.33125 0.2421875
0 0.5203125 0.740625 0.22421875 0.175