0 0.39296875 0.18359375 0.16484375 0.0703125
0 0.40234375 0.234375 0.08046875 0.034375
0 0.43359375 0.31640625 0.27890625 0.0625
0 0.465625 0.3734375 0.2078125 0.0578125
0 0.3953125 0.484375 0.2671875 0.121875
0 0.62421875 0.4859375 0.17890625 0.125
0 0.57109375 0.584375 0.26953125 0.1109375
0 0.4515625 0.765625 0.1421875 0.23984375
0 0.73515625 0.83359375 0.19609375 0.21484375
0 0.228125 0.925 0.29375 0.15
0 0.2109375 0.73828125 0.3859375 0.15234375
0 0.1609375 0.57265625 0.321875 0.1703125
0 0.13515625 0.45546875 0.2109375 0.04921875
0 0.14609375 0.35390625 0.29140625 0.07734375
0 0.159375 0.27890625 0.28828125 0.103125
0 0.25078125 0.215625 0.1890625 0.0703125