0 0.19765625 0.20078125 0.215625 0.4
0 0.78046875 0.4328125 0.0578125 0.178125
0 0.875 0.73359375 0.0625 0.215625
0 0.88828125 0.49921875 0.0625 0.1734375
0 0.8171875 0.709375 0.0625 0.175
0 0.76953125 0.74453125 0.040625 0.271875
0 0.68984375 0.70078125 0.0828125 0.3125
0 0.6390625 0.74140625 0.0765625 0.271875
0 0.52109375 0.73671875 0.128125 0.265625
0 0.365625 0.7875 0.115625 0.321875
0 0.1890625 0.746875 0.1765625 0.290625
0 0.29765625 0.45625 0.209375 0.203125
0 0.45 0.29296875 0.1484375 0.3328125
0 0.56796875 0.503125 0.115625 0.2375
0 0.57890625 0.234375 0.1703125 0.2390625
0 0.69765625 0.41953125 0.1125 0.234375
0 0.84609375 0.51484375 0.0703125 0.2390625