0 0.84296875 0.42734375 0.1875 0.2609375
0 0.61484375 0.125 0.415625 0.246875
0 0.4046875 0.3828125 0.3546875 0.2125
0 0.6375 0.6078125 0.365625 0.1703125
0 0.74765625 0.7578125 0.3328125 0.1296875
0 0.33359375 0.8390625 0.284375 0.096875
0 0.35859375 0.9328125 0.284375 0.096875
0 0.70625 0.95078125 0.359375 0.0984375
0 0.4421875 0.984375 0.33125 0.03125
0 0.1875 0.57421875 0.3125 0.084375
0 0.2296875 0.6984375 0.309375 0.10625
0 0.0921875 0.36640625 0.184375 0.171875
0 0.0734375 0.065625 0.146875 0.13125