0 0.228125 0.25234375 0.20859375 0.29765625
0 0.13671875 0.52890625 0.2734375 0.1890625
0 0.32578125 0.65859375 0.221875 0.28828125
0 0.48671875 0.2859375 0.259375 0.21875
0 0.6859375 0.3265625 0.09765625 0.215625
0 0.76015625 0.3515625 0.096875 0.23125
0 0.8703125 0.3921875 0.115625 0.21328125
0 0.95234375 0.4015625 0.0796875 0.1421875
0 0.946875 0.58828125 0.08671875 0.13984375
0 0.840625 0.6375 0.09765625 0.14765625
0 0.7390625 0.59765625 0.1484375 0.2109375
0 0.553125 0.51796875 0.14921875 0.21953125
0 0.515625 0.73203125 0.3171875 0.18984375