0 0.6140625 0.253125 0.29375 0.228125
0 0.575 0.44296875 0.2265625 0.2
0 0.759375 0.590625 0.1703125 0.3578125
0 0.49140625 0.65234375 0.1453125 0.240625
0 0.378125 0.4484375 0.11875 0.2375
0 0.2609375 0.42734375 0.140625 0.284375
0 0.3125 0.65625 0.1078125 0.2453125
0 0.4640625 0.90234375 0.18125 0.19375
0 0.25546875 0.8609375 0.0875 0.278125
0 0.21171875 0.69453125 0.1375 0.240625
0 0.1109375 0.73046875 0.09375 0.2171875
0 0.19609375 0.8703125 0.15625 0.1921875
0 0.0453125 0.84140625 0.0609375 0.225
0 0.06875 0.95 0.09375 0.1
0 0.0203125 0.90078125 0.040625 0.1953125