0 0.61171875 0.8125 0.321875 0.1203125
0 0.48515625 0.7203125 0.21953125 0.21875
0 0.28515625 0.82265625 0.27421875 0.2109375
0 0.22421875 0.628125 0.36875 0.1546875
0 0.265625 0.4625 0.309375 0.15390625
0 0.2890625 0.33671875 0.17265625 0.08984375
0 0.31171875 0.23046875 0.2359375 0.13046875
0 0.321875 0.13125 0.2578125 0.05703125
0 0.365625 0.0375 0.1984375 0.05546875
0 0.659375 0.034375 0.29140625 0.05
0 0.61484375 0.02109375 0.240625 0.0421875
0 0.63828125 0.14296875 0.30078125 0.103125
0 0.60625 0.28515625 0.2953125 0.10625
0 0.7578125 0.40625 0.2640625 0.17734375
0 0.515625 0.41484375 0.27109375 0.16875
0 0.646875 0.5765625 0.30234375 0.14609375