0 0.40234375 0.121875 0.16484375 0.071875
0 0.62578125 0.1296875 0.17734375 0.065625
0 0.41796875 0.1828125 0.27109375 0.06484375
0 0.615625 0.19765625 0.20390625 0.0625
0 0.675 0.271875 0.234375 0.04609375
0 0.65625 0.36796875 0.25703125 0.08828125
0 0.7578125 0.478125 0.18125 0.13046875
0 0.72265625 0.628125 0.2640625 0.15078125
0 0.54296875 0.7890625 0.153125 0.24296875
0 0.7265625 0.91640625 0.365625 0.12109375
0 0.23984375 0.90625 0.42109375 0.1875
0 0.2625 0.7015625 0.30546875 0.1546875
0 0.2734375 0.5421875 0.33515625 0.14765625
0 0.51328125 0.49609375 0.3265625 0.13203125
0 0.3421875 0.41015625 0.259375 0.1078125
0 0.33203125 0.325 0.23203125 0.08515625
0 0.3234375 0.2375 0.32421875 0.11015625