0 0.546875 0.81171875 0.2859375 0.25390625
0 0.15 0.69921875 0.14609375 0.24609375
0 0.2203125 0.8984375 0.440625 0.203125
0 0.13046875 0.48203125 0.2609375 0.1171875
0 0.503125 0.54296875 0.38046875 0.228125
0 0.78203125 0.6546875 0.25703125 0.25234375
0 0.71171875 0.4390625 0.3546875 0.16796875
0 0.4078125 0.35703125 0.31171875 0.13984375
0 0.43359375 0.2 0.25078125 0.13359375
0 0.56015625 0.28125 0.15859375 0.184375
0 0.79375 0.3265625 0.26171875 0.1625
0 0.84296875 0.215625 0.3140625 0.09921875
0 0.64140625 0.1546875 0.20390625 0.103125
0 0.6375 0.06328125 0.24375 0.08828125
0 0.8546875 0.12265625 0.2296875 0.08515625