0 0.36640625 0.11328125 0.14453125 0.06484375
0 0.56171875 0.12109375 0.184375 0.08125
0 0.375 0.18515625 0.1765625 0.0796875
0 0.56796875 0.196875 0.196875 0.0609375
0 0.5875 0.30703125 0.1859375 0.07890625
0 0.54765625 0.40078125 0.1578125 0.059375
0 0.64296875 0.5 0.15625 0.103125
0 0.4890625 0.50078125 0.1140625 0.053125
0 0.5671875 0.603125 0.17734375 0.0859375
0 0.47421875 0.68046875 0.09921875 0.12421875
0 0.5734375 0.73671875 0.165625 0.065625
0 0.3515625 0.76015625 0.1890625 0.1671875
0 0.31875 0.634375 0.1984375 0.10390625
0 0.33203125 0.54375 0.134375 0.13125
0 0.31796875 0.43671875 0.1765625 0.09609375
0 0.3375 0.35703125 0.16484375 0.08828125
0 0.35625 0.26171875 0.1703125 0.07890625