0 0.7296875 0.4703125 0.134375 0.1875
0 0.6984375 0.7015625 0.10625 0.1625
0 0.14375 0.76015625 0.25 0.36875
0 0.39921875 0.721875 0.240625 0.55625
0 0.5484375 0.3109375 0.134375 0.2609375
0 0.471875 0.675 0.1078125 0.1875
0 0.184375 0.1203125 0.24375 0.240625
0 0.82890625 0.521875 0.096875 0.1984375
0 0.6578125 0.39921875 0.1484375 0.2890625
0 0.62265625 0.6921875 0.1078125 0.25
0 0.42578125 0.2296875 0.2390625 0.3296875
0 0.36796875 0.60078125 0.15 0.24375
0 0.19296875 0.45078125 0.221875 0.29375
0 0.028125 0.5 0.05625 0.3078125