0 0.746875 0.21328125 0.2703125 0.3140625
0 0.509375 0.35625 0.2234375 0.259375
0 0.37734375 0.47890625 0.196875 0.1703125
0 0.221875 0.575 0.2265625 0.171875
0 0.13671875 0.5875 0.13125 0.1375
0 0.08671875 0.66875 0.0875 0.128125
0 0.0546875 0.73046875 0.109375 0.1515625
0 0.13671875 0.9609375 0.0875 0.078125
0 0.16953125 0.89921875 0.10625 0.18125
0 0.29765625 0.88203125 0.1375 0.20625
0 0.3640625 0.86484375 0.1390625 0.2375
0 0.4171875 0.70625 0.1546875 0.153125
0 0.521875 0.85390625 0.18125 0.159375
0 0.6453125 0.73984375 0.221875 0.275
0 0.69296875 0.61328125 0.13125 0.1875
0 0.85234375 0.61953125 0.259375 0.35625
0 0.7265625 0.53671875 0.1875 0.240625