0 0.26953125 0.12109375 0.178125 0.2421875
0 0.15703125 0.32890625 0.0765625 0.1640625
0 0.34765625 0.40703125 0.1328125 0.115625
0 0.64375 0.55625 0.1765625 0.2484375
0 0.421875 0.1546875 0.128125 0.24375
0 0.509375 0.33515625 0.121875 0.23125
0 0.76171875 0.259375 0.253125 0.1515625
0 0.76484375 0.90390625 0.26875 0.1921875
0 0.51953125 0.88984375 0.11875 0.2203125
0 0.8890625 0.54296875 0.221875 0.3046875
0 0.4234375 0.58125 0.1578125 0.278125
0 0.2671875 0.56015625 0.15625 0.290625
0 0.9484375 0.884375 0.103125 0.23125
0 0.2359375 0.32109375 0.11875 0.2125