0 0.6796875 0.0546875 0.24375 0.065625
0 0.47734375 0.053125 0.18125 0.05625
0 0.47578125 0.12265625 0.209375 0.0640625
0 0.68125 0.14140625 0.23125 0.0875
0 0.753125 0.1984375 0.196875 0.0640625
0 0.40390625 0.209375 0.25625 0.096875
0 0.43984375 0.290625 0.228125 0.0578125
0 0.35390625 0.4390625 0.259375 0.16875
0 0.56875 0.4421875 0.2875 0.121875
0 0.7328125 0.27890625 0.3296875 0.0703125
0 0.784375 0.35546875 0.209375 0.109375
0 0.83203125 0.52578125 0.209375 0.140625
0 0.8453125 0.68359375 0.25 0.134375
0 0.43046875 0.603125 0.2984375 0.1484375
0 0.61328125 0.7515625 0.240625 0.215625
0 0.43671875 0.87890625 0.34375 0.175
0 0.86328125 0.89609375 0.2734375 0.203125