0 0.15703125 0.7203125 0.14375 0.1921875
0 0.234375 0.6703125 0.190625 0.275
0 0.28515625 0.5609375 0.1875 0.24375
0 0.35234375 0.4421875 0.2015625 0.275
0 0.45 0.2609375 0.225 0.296875
0 0.63359375 0.08828125 0.36875 0.1765625
0 0.68515625 0.3296875 0.209375 0.25625
0 0.90625 0.253125 0.1875 0.16875
0 0.953125 0.08359375 0.09375 0.165625
0 0.83828125 0.52265625 0.2859375 0.121875
0 0.61875 0.571875 0.1921875 0.296875
0 0.5484375 0.6859375 0.1515625 0.221875
0 0.40390625 0.7875 0.1515625 0.2375
0 0.334375 0.85546875 0.153125 0.225