0 0.7921875 0.771875 0.3171875 0.221875
0 0.49765625 0.86171875 0.2015625 0.2765625
0 0.359375 0.66796875 0.30625 0.2375
0 0.75625 0.49609375 0.234375 0.2765625
0 0.71328125 0.28359375 0.2296875 0.1046875
0 0.6859375 0.20390625 0.246875 0.103125
0 0.64296875 0.0875 0.228125 0.1234375
0 0.6328125 0.02109375 0.1515625 0.0421875
0 0.434375 0.02578125 0.15 0.0515625
0 0.38125 0.11875 0.1578125 0.1046875
0 0.42421875 0.2265625 0.225 0.1578125
0 0.509375 0.425 0.234375 0.159375
0 0.28046875 0.46484375 0.203125 0.3375