0 0.428125 0.2984375 0.253125 0.21875
0 0.2125 0.48828125 0.19140625 0.34609375
0 0.5203125 0.60625 0.3515625 0.16640625
0 0.47578125 0.75078125 0.32109375 0.14609375
0 0.7484375 0.609375 0.203125 0.2203125
0 0.89609375 0.52734375 0.1390625 0.19609375
0 0.8296875 0.4203125 0.01640625 0.24921875
0 0.79140625 0.3859375 0.09375 0.18984375
0 0.64296875 0.28125 0.19375 0.3
0 0.78125 0.19140625 0.190625 0.24609375
0 0.87890625 0.13984375 0.203125 0.22734375
0 0.91640625 0.08515625 0.08671875 0.14453125
0 0.8953125 0.3625 0.15625 0.15078125