0 0.18359375 0.384375 0.071875 0.1671875
0 0.234375 0.39375 0.034375 0.08125
0 0.31796875 0.42578125 0.0625 0.284375
0 0.3765625 0.45859375 0.059375 0.2109375
0 0.4890625 0.38671875 0.1234375 0.271875
0 0.490625 0.61875 0.128125 0.18125
0 0.58984375 0.565625 0.1125 0.2734375
0 0.77421875 0.44453125 0.24375 0.14375
0 0.84375 0.73203125 0.21875 0.2
0 0.93046875 0.21796875 0.1390625 0.2984375
0 0.74609375 0.19921875 0.1546875 0.3921875
0 0.578125 0.15625 0.1734375 0.3125
0 0.45859375 0.12265625 0.05 0.215625
0 0.3546875 0.140625 0.078125 0.28125
0 0.28046875 0.14765625 0.1046875 0.29375
0 0.215625 0.240625 0.071875 0.1921875