0 0.42890625 0.14375 0.1921875 0.0765625
0 0.459375 0.21484375 0.2296875 0.06875
0 0.50625 0.296875 0.196875 0.0796875
0 0.46328125 0.43125 0.3203125 0.103125
0 0.690625 0.55234375 0.33125 0.2203125
0 0.5734375 0.734375 0.28125 0.246875
0 0.37578125 0.56484375 0.271875 0.115625
0 0.1453125 0.50703125 0.2375 0.1171875
0 0.13203125 0.4140625 0.259375 0.090625
0 0.1875 0.33203125 0.284375 0.075
0 0.23125 0.2453125 0.303125 0.0921875
0 0.21484375 0.1953125 0.203125 0.09375
0 0.14609375 0.6765625 0.246875 0.1890625
0 0.10546875 0.9046875 0.2109375 0.171875
0 0.35546875 0.89765625 0.2703125 0.2046875