0 0.834375 0.2171875 0.259375 0.19375
0 0.55390625 0.2140625 0.184375 0.21875
0 0.63984375 0.4734375 0.278125 0.1765625
0 0.86953125 0.76796875 0.2609375 0.2515625
0 0.55390625 0.771875 0.1609375 0.184375
0 0.3234375 0.78984375 0.140625 0.1671875
0 0.12578125 0.85625 0.1515625 0.203125
0 0.05 0.646875 0.0875 0.1421875
0 0.1890625 0.525 0.146875 0.2015625
0 0.37734375 0.57578125 0.1 0.196875
0 0.33515625 0.33984375 0.1546875 0.190625
0 0.26328125 0.18046875 0.1609375 0.21875
0 0.1375 0.30625 0.13125 0.16875
0 0.11171875 0.1125 0.2234375 0.184375