0 0.30390625 0.23515625 0.2078125 0.1625
0 0.471875 0.17109375 0.165625 0.1640625
0 0.65390625 0.14609375 0.165625 0.1375
0 0.75625 0.29453125 0.1875 0.1265625
0 0.65234375 0.39921875 0.1734375 0.15
0 0.46328125 0.384375 0.175 0.078125
0 0.0984375 0.31953125 0.171875 0.171875
0 0.2421875 0.48203125 0.2171875 0.1703125
0 0.0796875 0.6453125 0.103125 0.15625
0 0.36015625 0.66796875 0.1421875 0.184375
0 0.55546875 0.51953125 0.221875 0.1125
0 0.73828125 0.5140625 0.15 0.109375
0 0.5796875 0.64765625 0.1875 0.1140625
0 0.78359375 0.65546875 0.246875 0.14375
0 0.75234375 0.80546875 0.16875 0.0984375
0 0.5171875 0.8375 0.140625 0.1125
0 0.2828125 0.85234375 0.234375 0.140625