0 0.21484375 0.134375 0.2140625 0.25
0 0.12109375 0.36796875 0.18125 0.253125
0 0.10234375 0.58203125 0.1546875 0.2171875
0 0.09609375 0.7640625 0.14375 0.196875
0 0.26328125 0.87421875 0.1125 0.1796875
0 0.3765625 0.7515625 0.1375 0.128125
0 0.3203125 0.53671875 0.134375 0.25625
0 0.4265625 0.29140625 0.175 0.1484375
0 0.62890625 0.07421875 0.259375 0.1484375
0 0.6953125 0.4109375 0.1875 0.1390625
0 0.5125 0.63984375 0.115625 0.190625
0 0.525 0.8546875 0.1203125 0.1625
0 0.6640625 0.63203125 0.14375 0.190625
0 0.6546875 0.83984375 0.134375 0.1875
0 0.84609375 0.8171875 0.115625 0.2265625
0 0.91640625 0.60390625 0.121875 0.1671875
0 0.9015625 0.3015625 0.1375 0.275