0 0.70078125 0.79609375 0.171875 0.21875
0 0.42109375 0.7765625 0.275 0.271875
0 0.14140625 0.8421875 0.24375 0.2921875
0 0.346875 0.4984375 0.190625 0.228125
0 0.096875 0.2453125 0.19375 0.19375
0 0.36328125 0.19375 0.1875 0.2171875
0 0.58515625 0.2953125 0.1953125 0.2375
0 0.68515625 0.12578125 0.1796875 0.20625
0 0.8171875 0.0875 0.221875 0.175
0 0.87109375 0.2703125 0.171875 0.1875
0 0.82421875 0.4703125 0.203125 0.159375
0 0.59765625 0.5515625 0.1984375 0.1921875
0 0.9296875 0.57890625 0.140625 0.215625
0 0.890625 0.7484375 0.184375 0.2015625