0 0.8171875 0.4109375 0.278125 0.3125
0 0.69453125 0.84375 0.26875 0.159375
0 0.9 0.76328125 0.2 0.4734375
0 0.45859375 0.8609375 0.128125 0.278125
0 0.52421875 0.45859375 0.25 0.415625
0 0.64609375 0.1546875 0.275 0.28125
0 0.41171875 0.23046875 0.184375 0.3875
0 0.321875 0.5625 0.153125 0.340625
0 0.15 0.534375 0.146875 0.2734375
0 0.2390625 0.39609375 0.2015625 0.1734375
0 0.28828125 0.1421875 0.178125 0.284375
0 0.1671875 0.1296875 0.1078125 0.259375
0 0.10078125 0.3078125 0.1125 0.221875
0 0.025 0.31171875 0.05 0.265625
0 0.065625 0.1 0.09375 0.2