0 0.59140625 0.1984375 0.240625 0.17265625
0 0.8703125 0.40859375 0.228125 0.3828125
0 0.6328125 0.60234375 0.1953125 0.3265625
0 0.425 0.3875 0.15703125 0.3359375
0 0.2875 0.28671875 0.11875 0.30703125
0 0.2125 0.66796875 0.08984375 0.2625
0 0.12578125 0.64453125 0.08828125 0.2625
0 0.1 0.32421875 0.10859375 0.33125
0 0.0625 0.56796875 0.05859375 0.3046875
0 0.028125 0.33359375 0.028125 0.33125
0 0.45625 0.80234375 0.07890625 0.28828125
0 0.3421875 0.76328125 0.096875 0.28515625
0 0.64765625 0.90078125 0.1578125 0.190625
0 0.93203125 0.9203125 0.1359375 0.159375