0 0.1671875 0.834375 0.2734375 0.15546875
0 0.1421875 0.96640625 0.284375 0.0671875
0 0.4234375 0.853125 0.4421875 0.20234375
0 0.6625 0.678125 0.225 0.215625
0 0.46171875 0.6109375 0.1859375 0.1578125
0 0.225 0.63203125 0.26953125 0.115625
0 0.35703125 0.4953125 0.23828125 0.07421875
0 0.575 0.49609375 0.309375 0.09921875
0 0.80625 0.3875 0.32578125 0.10703125
0 0.4875 0.40625 0.2484375 0.10078125
0 0.3125 0.4078125 0.14140625 0.1234375
0 0.41953125 0.34296875 0.16953125 0.115625
0 0.6203125 0.321875 0.10625 0.078125
0 0.7484375 0.22421875 0.234375 0.09765625
0 0.55234375 0.2796875 0.1390625 0.11328125
0 0.4640625 0.24140625 0.1578125 0.065625