0 0.11015625 0.3609375 0.078125 0.178125
0 0.11953125 0.603125 0.071875 0.1921875
0 0.1765625 0.37734375 0.0703125 0.29375
0 0.1921875 0.5921875 0.0671875 0.221875
0 0.2734375 0.65703125 0.05 0.2546875
0 0.37734375 0.6359375 0.096875 0.278125
0 0.496875 0.746875 0.140625 0.196875
0 0.66015625 0.70859375 0.1625 0.2859375
0 0.83359375 0.5140625 0.2640625 0.165625
0 0.953125 0.7125 0.09375 0.396875
0 0.9296875 0.20625 0.140625 0.4125
0 0.7390625 0.209375 0.16875 0.33125
0 0.56640625 0.22109375 0.159375 0.3625
0 0.51640625 0.48125 0.14375 0.3546875
0 0.4234375 0.2953125 0.115625 0.28125
0 0.33125 0.284375 0.0921875 0.253125
0 0.2359375 0.275 0.11875 0.353125