0 0.15078125 0.73515625 0.1296875 0.184375
0 0.05703125 0.53359375 0.1140625 0.2109375
0 0.12890625 0.4890625 0.2046875 0.271875
0 0.21640625 0.38828125 0.175 0.3
0 0.31953125 0.25859375 0.20625 0.375
0 0.4859375 0.2203125 0.23125 0.325
0 0.44453125 0.69140625 0.1875 0.346875
0 0.296875 0.73125 0.184375 0.2984375
0 0.58046875 0.59453125 0.16875 0.3140625
0 0.7296875 0.396875 0.171875 0.275
0 0.8359375 0.62421875 0.2890625 0.190625
0 0.95390625 0.4390625 0.0921875 0.25625
0 0.7828125 0.09921875 0.2796875 0.196875