0 0.3203125 0.54921875 0.0640625 0.1265625
0 0.39765625 0.49453125 0.071875 0.1625
0 0.4703125 0.425 0.053125 0.15
0 0.5671875 0.3921875 0.075 0.1859375
0 0.63671875 0.24921875 0.125 0.18125
0 0.675 0.39765625 0.06875 0.190625
0 0.75390625 0.225 0.10625 0.228125
0 0.915625 0.29609375 0.165625 0.165625
0 0.9203125 0.15390625 0.159375 0.1859375
0 0.99375 0.4015625 0.0125 0.25
0 0.8984375 0.46875 0.090625 0.225
0 0.78125 0.54453125 0.128125 0.190625
0 0.65703125 0.59609375 0.096875 0.2
0 0.5765625 0.6328125 0.090625 0.1875
0 0.49609375 0.65546875 0.08125 0.1546875
0 0.41015625 0.69609375 0.053125 0.128125
0 0.3546875 0.7125 0.090625 0.146875