0 0.5546875 0.27421875 0.12734375 0.2046875
0 0.6578125 0.38359375 0.14296875 0.18828125
0 0.8671875 0.4 0.17890625 0.1609375
0 0.78125 0.59609375 0.20859375 0.2078125
0 0.73984375 0.9203125 0.2515625 0.159375
0 0.5875 0.6875 0.2765625 0.14296875
0 0.43125 0.58828125 0.1984375 0.32421875
0 0.3125 0.45703125 0.20546875 0.32578125
0 0.31796875 0.10703125 0.11484375 0.1515625
0 0.40390625 0.1765625 0.15390625 0.1578125
0 0.26328125 0.3296875 0.17890625 0.19921875
0 0.17421875 0.24296875 0.08828125 0.1296875
0 0.94921875 0.66171875 0.10078125 0.2515625