0 0.53125 0.16796875 0.16953125 0.1546875
0 0.590625 0.31328125 0.17578125 0.1703125
0 0.8109375 0.409375 0.19296875 0.20703125
0 0.65859375 0.5125 0.196875 0.16484375
0 0.896875 0.62421875 0.20625 0.190625
0 0.93359375 0.88359375 0.1328125 0.2328125
0 0.72578125 0.94453125 0.20546875 0.11015625
0 0.5375 0.80234375 0.24921875 0.18125
0 0.3859375 0.60234375 0.2671875 0.31171875
0 0.29296875 0.403125 0.2328125 0.2265625
0 0.23828125 0.27421875 0.18046875 0.253125
0 0.2125 0.171875 0.14765625 0.18125
0 0.153125 0.0546875 0.2140625 0.109375