0 0.1421875 0.86953125 0.16875 0.2609375
0 0.01796875 0.8796875 0.034375 0.240625
0 0.121875 0.61015625 0.21875 0.478125
0 0.31015625 0.35234375 0.23125 0.24375
0 0.3828125 0.56875 0.1703125 0.2
0 0.36015625 0.82421875 0.125 0.290625
0 0.5078125 0.68125 0.08125 0.25625
0 0.50703125 0.446875 0.10625 0.334375
0 0.6234375 0.196875 0.115625 0.3515625
0 0.603125 0.540625 0.109375 0.26875
0 0.60234375 0.7296875 0.1328125 0.153125
0 0.671875 0.6140625 0.125 0.1828125
0 0.6953125 0.39765625 0.084375 0.115625
0 0.8 0.25859375 0.10625 0.253125
0 0.740625 0.4703125 0.121875 0.15
0 0.78203125 0.56640625 0.071875 0.1703125