0 0.09765625 0.675 0.17265625 0.453125
0 0.34375 0.521875 0.3140625 0.32265625
0 0.38125 0.6765625 0.2203125 0.0921875
0 0.4625 0.84296875 0.31640625 0.18359375
0 0.60625 0.67421875 0.20859375 0.2703125
0 0.69453125 0.5 0.1796875 0.159375
0 0.51796875 0.3671875 0.18671875 0.2546875
0 0.66953125 0.275 0.1671875 0.19375
0 0.7390625 0.190625 0.18125 0.171875
0 0.82890625 0.1375 0.18828125 0.184375
0 0.90703125 0.10625 0.128125 0.12421875
0 0.9359375 0.08984375 0.125 0.1796875
0 0.93515625 0.3859375 0.1296875 0.1421875
0 0.8171875 0.4375 0.21015625 0.115625
0 0.77109375 0.61953125 0.17421875 0.12890625