0 0.80390625 0.209375 0.325 0.228125
0 0.5015625 0.12890625 0.20625 0.2578125
0 0.36015625 0.315625 0.3140625 0.2421875
0 0.76640625 0.49140625 0.2390625 0.2828125
0 0.72265625 0.709375 0.234375 0.10625
0 0.69453125 0.78984375 0.253125 0.10625
0 0.65078125 0.909375 0.2328125 0.1265625
0 0.640625 0.978125 0.1546875 0.04375
0 0.43671875 0.97265625 0.153125 0.0546875
0 0.3828125 0.87734375 0.1625 0.1078125
0 0.4265625 0.7671875 0.23125 0.1625
0 0.5140625 0.5640625 0.240625 0.1625
0 0.2796875 0.5234375 0.20625 0.346875