0 0.890625 0.6171875 0.084375 0.125
0 0.9140625 0.4140625 0.075 0.1578125
0 0.81484375 0.359375 0.0609375 0.16875
0 0.7953125 0.603125 0.06875 0.19375
0 0.71640625 0.5921875 0.078125 0.2
0 0.7078125 0.34609375 0.05625 0.29375
0 0.60859375 0.61875 0.11875 0.2515625
0 0.6015625 0.403125 0.0578125 0.178125
0 0.53203125 0.62890625 0.1109375 0.18125
0 0.45625 0.43671875 0.103125 0.2125
0 0.465625 0.2515625 0.18125 0.259375
0 0.34921875 0.30078125 0.134375 0.253125
0 0.25078125 0.42265625 0.16875 0.1875
0 0.171875 0.346875 0.065625 0.21875
0 0.17109375 0.58125 0.1265625 0.23125
0 0.29375 0.621875 0.103125 0.228125
0 0.42265625 0.61640625 0.10625 0.2875