0 0.68828125 0.1484375 0.18125 0.1359375
0 0.640625 0.22109375 0.259375 0.18046875
0 0.5375 0.26953125 0.2296875 0.17734375
0 0.42578125 0.3328125 0.259375 0.18984375
0 0.2546875 0.425 0.28046875 0.2125
0 0.0875 0.59765625 0.175 0.3484375
0 0.31953125 0.646875 0.24140625 0.19765625
0 0.24765625 0.8703125 0.15859375 0.20625
0 0.0828125 0.928125 0.165625 0.14375
0 0.5015625 0.79140625 0.115625 0.26953125
0 0.54765625 0.584375 0.27890625 0.18125
0 0.65546875 0.51796875 0.20859375 0.14296875
0 0.75078125 0.38125 0.22265625 0.14296875
0 0.815625 0.315625 0.2109375 0.1453125