0 0.621875 0.17109375 0.3 0.0890625
0 0.41484375 0.15625 0.209375 0.0734375
0 0.36875 0.2765625 0.234375 0.0890625
0 0.63671875 0.25 0.1625 0.040625
0 0.68671875 0.29765625 0.265625 0.1015625
0 0.77421875 0.4421875 0.3 0.11875
0 0.80703125 0.5671875 0.3859375 0.0890625
0 0.396875 0.5140625 0.2265625 0.10625
0 0.31796875 0.4046875 0.234375 0.090625
0 0.20546875 0.690625 0.1921875 0.1796875
0 0.52265625 0.66484375 0.3375 0.1125
0 0.80234375 0.72890625 0.2359375 0.209375
0 0.33203125 0.9109375 0.4671875 0.178125
0 0.8359375 0.93984375 0.328125 0.11875