0 0.31796875 0.1125 0.1984375 0.15
0 0.36953125 0.1921875 0.284375 0.196875
0 0.48359375 0.24453125 0.253125 0.1953125
0 0.60546875 0.31484375 0.284375 0.209375
0 0.79375 0.415625 0.3078125 0.234375
0 0.940625 0.60546875 0.11875 0.3828125
0 0.72265625 0.659375 0.265625 0.2171875
0 0.8015625 0.8953125 0.175 0.209375
0 0.9453125 0.94453125 0.109375 0.1109375
0 0.52265625 0.81796875 0.1265625 0.296875
0 0.471875 0.590625 0.30625 0.2
0 0.35390625 0.51796875 0.2296875 0.15625
0 0.2484375 0.36796875 0.24375 0.15625
0 0.178125 0.29609375 0.23125 0.159375