0 0.73359375 0.546875 0.209375 0.13125
0 0.621875 0.65234375 0.1921875 0.146875
0 0.60546875 0.865625 0.165625 0.1828125
0 0.4046875 0.778125 0.2125 0.2125
0 0.07734375 0.73671875 0.153125 0.25625
0 0.31171875 0.58046875 0.146875 0.28125
0 0.4125 0.42109375 0.33125 0.203125
0 0.546875 0.3 0.3328125 0.209375
0 0.90390625 0.30546875 0.1546875 0.1171875
0 0.83359375 0.39375 0.1609375 0.15625
0 0.67734375 0.24921875 0.203125 0.18125
0 0.765625 0.15859375 0.1328125 0.090625
0 0.33828125 0.94921875 0.25625 0.1015625