0 0.27265625 0.3796875 0.0484375 0.259375
0 0.23984375 0.55703125 0.09765625 0.1671875
0 0.3875 0.42109375 0.1140625 0.3140625
0 0.32109375 0.59453125 0.10078125 0.1859375
0 0.38046875 0.6859375 0.0828125 0.2625
0 0.50234375 0.375 0.16484375 0.29140625
0 0.5796875 0.46875 0.17734375 0.27421875
0 0.503125 0.7390625 0.1359375 0.19921875
0 0.56640625 0.86484375 0.1921875 0.2703125
0 0.75625 0.6546875 0.171875 0.32421875
0 0.79765625 0.41953125 0.24296875 0.28828125
0 0.78203125 0.9015625 0.23046875 0.196875
0 0.93203125 0.58203125 0.1359375 0.2171875