0 0.809375 0.61171875 0.075 0.178125
0 0.75546875 0.6015625 0.0375 0.0875
0 0.66640625 0.56796875 0.0671875 0.3
0 0.6046875 0.53359375 0.0625 0.225
0 0.48515625 0.609375 0.13125 0.2875
0 0.48359375 0.3625 0.134375 0.19375
0 0.37734375 0.41953125 0.11875 0.290625
0 0.18203125 0.5484375 0.259375 0.153125
0 0.1125 0.24296875 0.225 0.2109375
0 0.0453125 0.7890625 0.090625 0.3171875
0 0.21171875 0.8 0.1640625 0.4
0 0.38984375 0.84375 0.184375 0.3125
0 0.5171875 0.88828125 0.053125 0.2234375
0 0.6265625 0.86015625 0.0828125 0.278125
0 0.70625 0.85390625 0.1125 0.290625
0 0.77578125 0.76484375 0.075 0.203125