0 0.28515625 0.4265625 0.225 0.259375
0 0.4796875 0.20546875 0.3546875 0.196875
0 0.6015625 0.52109375 0.1703125 0.3609375
0 0.74921875 0.47578125 0.15 0.3296875
0 0.6046875 0.75546875 0.2265625 0.209375
0 0.5203125 0.90703125 0.2015625 0.1421875
0 0.4109375 0.8390625 0.25625 0.0171875
0 0.375 0.79921875 0.1953125 0.096875
0 0.26796875 0.64765625 0.3078125 0.2
0 0.17578125 0.7890625 0.253125 0.1953125
0 0.12265625 0.8890625 0.234375 0.209375
0 0.0703125 0.92734375 0.140625 0.0890625
0 0.35078125 0.90625 0.1546875 0.1609375