0 0.240625 0.21953125 0.253125 0.29375
0 0.46328125 0.35390625 0.209375 0.24375
0 0.58671875 0.46875 0.184375 0.159375
0 0.7328125 0.55859375 0.2125 0.1609375
0 0.8125 0.57109375 0.1234375 0.1296875
0 0.86015625 0.646875 0.08125 0.121875
0 0.89921875 0.7046875 0.11875 0.14375
0 0.8125 0.9375 0.08125 0.10625
0 0.78203125 0.86328125 0.1 0.16875
0 0.66171875 0.846875 0.1296875 0.1921875
0 0.6 0.83125 0.13125 0.221875
0 0.55 0.68203125 0.1453125 0.14375
0 0.45234375 0.8203125 0.16875 0.15
0 0.3359375 0.71328125 0.2078125 0.25625
0 0.2921875 0.59453125 0.1234375 0.175
0 0.14140625 0.60078125 0.24375 0.3328125
0 0.26015625 0.52265625 0.175 0.225