0 0.72421875 0.43984375 0.128125 0.178125
0 0.6953125 0.6609375 0.1015625 0.153125
0 0.16640625 0.715625 0.2375 0.3515625
0 0.409375 0.68515625 0.2296875 0.540625
0 0.55234375 0.28828125 0.128125 0.2484375
0 0.47890625 0.634375 0.103125 0.178125
0 0.20390625 0.1109375 0.23125 0.221875
0 0.81875 0.4890625 0.090625 0.1890625
0 0.65625 0.371875 0.140625 0.275
0 0.62265625 0.6515625 0.103125 0.2390625
0 0.43515625 0.2109375 0.228125 0.3140625
0 0.3796875 0.5640625 0.14375 0.23125
0 0.21328125 0.42109375 0.209375 0.28125
0 0.04140625 0.46796875 0.0828125 0.29375