0 0.38203125 0.77578125 0.33828125 0.23828125
0 0.25703125 0.95859375 0.20078125 0.0828125
0 0.65234375 0.9078125 0.2078125 0.184375
0 0.8265625 0.82265625 0.2484375 0.19609375
0 0.690625 0.58984375 0.24765625 0.14375
0 0.92265625 0.64765625 0.1546875 0.21640625
0 0.85390625 0.44609375 0.19921875 0.11796875
0 0.53125 0.39921875 0.25546875 0.1921875
0 0.53359375 0.2875 0.28828125 0.1890625
0 0.60390625 0.1796875 0.19453125 0.1171875
0 0.60078125 0.0953125 0.31015625 0.1671875
0 0.6875 0.04609375 0.203125 0.0921875
0 0.88671875 0.09296875 0.1765625 0.10859375
0 0.85703125 0.1859375 0.23359375 0.0703125
0 0.88359375 0.325 0.2328125 0.140625