0 0.196875 0.3875 0.246875 0.35
0 0.025 0.2578125 0.05 0.209375
0 0.07734375 0.66796875 0.1546875 0.215625
0 0.14765625 0.84921875 0.203125 0.2578125
0 0.3890625 0.70859375 0.15 0.25625
0 0.33046875 0.93359375 0.2234375 0.1328125
0 0.53828125 0.87734375 0.121875 0.20625
0 0.5875 0.54296875 0.2 0.265625
0 0.703125 0.5453125 0.196875 0.3
0 0.81484375 0.61796875 0.121875 0.203125
0 0.90234375 0.61484375 0.1734375 0.321875
0 0.95234375 0.7046875 0.0953125 0.2109375
0 0.9046875 0.909375 0.1125 0.18125
0 0.80859375 0.8796875 0.071875 0.240625
0 0.66328125 0.89375 0.1453125 0.2125