0 0.6859375 0.6875 0.484375 0.1796875
0 0.73203125 0.484375 0.384375 0.2625
0 0.43515625 0.34765625 0.3609375 0.234375
0 0.4171875 0.52578125 0.275 0.159375
0 0.1421875 0.50234375 0.228125 0.109375
0 0.1078125 0.4140625 0.215625 0.184375
0 0.09765625 0.2828125 0.1953125 0.140625
0 0.09921875 0.15 0.196875 0.096875
0 0.09375 0.1125 0.1875 0.153125
0 0.1296875 0.66640625 0.228125 0.2015625
0 0.18984375 0.92109375 0.259375 0.1515625
0 0.44140625 0.9078125 0.184375 0.184375
0 0.47265625 0.16015625 0.321875 0.11875