0 0.45546875 0.33671875 0.12109375 0.0609375
0 0.5078125 0.41171875 0.15625 0.0703125
0 0.5734375 0.48125 0.14375 0.0515625
0 0.60546875 0.5734375 0.17890625 0.07265625
0 0.74296875 0.640625 0.17421875 0.11875
0 0.60078125 0.67734375 0.18359375 0.065625
0 0.765625 0.753125 0.21953125 0.1015625
0 0.69765625 0.9078125 0.15859375 0.159375
0 0.83359375 0.9140625 0.17890625 0.15390625
0 0.59609375 0.98828125 0.240625 0.0234375
0 0.53203125 0.89140625 0.21484375 0.0875
0 0.459375 0.77890625 0.18359375 0.12265625
0 0.41015625 0.659375 0.1921875 0.0921875
0 0.375 0.5828125 0.1796875 0.0875
0 0.353125 0.50546875 0.1484375 0.078125
0 0.3140625 0.42265625 0.1234375 0.05078125
0 0.2984375 0.36953125 0.14140625 0.08671875