0 0.9796875 0.69375 0.040625 0.2625
0 0.98359375 0.478125 0.0328125 0.19375
0 0.921875 0.47578125 0.06875 0.2234375
0 0.9015625 0.69609375 0.09375 0.246875
0 0.840625 0.7734375 0.06875 0.2125
0 0.82890625 0.3984375 0.103125 0.275
0 0.74140625 0.4375 0.0625 0.24375
0 0.5828125 0.34609375 0.18125 0.278125
0 0.5796875 0.57578125 0.13125 0.3078125
0 0.75390625 0.7515625 0.075 0.353125
0 0.67265625 0.80625 0.11875 0.2234375
0 0.48984375 0.85703125 0.15 0.225
0 0.32109375 0.86953125 0.1453125 0.2609375
0 0.40703125 0.428125 0.159375 0.31875
0 0.2484375 0.6234375 0.23125 0.25625
0 0.1125 0.434375 0.1875 0.36875
0 0.1015625 0.87265625 0.203125 0.2546875