0 0.73671875 0.16171875 0.18125 0.128125
0 0.53828125 0.06328125 0.20625 0.12578125
0 0.49453125 0.140625 0.2671875 0.2015625
0 0.3953125 0.22734375 0.29609375 0.17265625
0 0.26796875 0.32890625 0.3703125 0.20390625
0 0.2296875 0.4921875 0.31953125 0.2265625
0 0.69375 0.4515625 0.3421875 0.184375
0 0.7328125 0.30625 0.29375 0.18203125
0 0.5984375 0.58515625 0.309375 0.165625
0 0.40390625 0.73203125 0.27109375 0.16875
0 0.628125 0.8375 0.18671875 0.284375
0 0.4453125 0.95390625 0.253125 0.0921875
0 0.10390625 0.784375 0.2078125 0.27578125