0 0.428125 0.14375 0.184375 0.0734375
0 0.4578125 0.21171875 0.2203125 0.06640625
0 0.503125 0.28984375 0.1890625 0.07578125
0 0.46171875 0.41953125 0.30703125 0.1
0 0.67890625 0.53515625 0.3171875 0.2109375
0 0.5671875 0.71015625 0.27109375 0.23671875
0 0.37734375 0.54765625 0.26015625 0.1109375
0 0.15625 0.4921875 0.22890625 0.11171875
0 0.14453125 0.403125 0.2484375 0.08671875
0 0.196875 0.32421875 0.2734375 0.07265625
0 0.2390625 0.24140625 0.29140625 0.08828125
0 0.2234375 0.19375 0.19453125 0.0890625
0 0.1578125 0.6546875 0.2359375 0.18125
0 0.1140625 0.8734375 0.21015625 0.165625
0 0.35859375 0.884375 0.259375 0.23125