0 0.85078125 0.08515625 0.2375 0.146875
0 0.7609375 0.16328125 0.19375 0.190625
0 0.60390625 0.2140625 0.2453125 0.1984375
0 0.465625 0.290625 0.253125 0.2140625
0 0.29296875 0.390625 0.240625 0.2703125
0 0.0578125 0.5828125 0.115625 0.340625
0 0.2546875 0.91640625 0.334375 0.1671875
0 0.54609375 0.85390625 0.19375 0.2453125
0 0.34453125 0.71875 0.259375 0.25
0 0.59609375 0.615625 0.359375 0.275
0 0.76484375 0.51328125 0.2296875 0.178125
0 0.88359375 0.38203125 0.221875 0.15
0 0.934375 0.27890625 0.13125 0.159375