0 0.2578125 0.190625 0.2078125 0.38125
0 0.81875 0.41171875 0.05625 0.1703125
0 0.909375 0.70078125 0.059375 0.2078125
0 0.921875 0.475 0.059375 0.165625
0 0.85390625 0.67734375 0.059375 0.1703125
0 0.80859375 0.7109375 0.0375 0.259375
0 0.73125 0.66875 0.0796875 0.3
0 0.6828125 0.70859375 0.075 0.259375
0 0.56953125 0.703125 0.121875 0.25625
0 0.41953125 0.75234375 0.1125 0.309375
0 0.25 0.71328125 0.16875 0.2796875
0 0.3546875 0.43359375 0.2015625 0.196875
0 0.50078125 0.2765625 0.1421875 0.3203125
0 0.61484375 0.47890625 0.109375 0.228125
0 0.62421875 0.22109375 0.1625 0.2296875
0 0.7390625 0.3984375 0.1078125 0.225
0 0.88125 0.490625 0.0671875 0.2296875