0 0.42578125 0.1421875 0.184375 0.075
0 0.45546875 0.2109375 0.221875 0.0671875
0 0.50078125 0.2890625 0.190625 0.0765625
0 0.459375 0.41953125 0.309375 0.1
0 0.678125 0.5359375 0.31875 0.2125
0 0.56484375 0.71171875 0.271875 0.2375
0 0.37421875 0.5484375 0.2625 0.1125
0 0.15234375 0.4921875 0.2296875 0.1125
0 0.13984375 0.403125 0.25 0.0875
0 0.19296875 0.3234375 0.275 0.071875
0 0.2359375 0.23984375 0.29375 0.0890625
0 0.21953125 0.1921875 0.196875 0.090625
0 0.153125 0.65546875 0.2375 0.18125
0 0.11015625 0.87578125 0.2109375 0.165625
0 0.35546875 0.88515625 0.259375 0.2296875