0 0.41953125 0.27734375 0.1625 0.1265625
0 0.63984375 0.365625 0.2203125 0.09140625
0 0.57578125 0.4296875 0.1296875 0.0671875
0 0.61015625 0.57109375 0.175 0.12265625
0 0.55078125 0.6734375 0.17734375 0.13828125
0 0.65234375 0.82890625 0.1234375 0.19453125
0 0.49140625 0.85234375 0.2828125 0.20546875
0 0.2140625 0.87109375 0.26015625 0.25703125
0 0.2546875 0.675 0.2953125 0.22265625
0 0.29921875 0.53828125 0.2296875 0.10625
0 0.3421875 0.41328125 0.1890625 0.140625
0 0.40234375 0.365625 0.18828125 0.1015625
0 0.546875 0.95703125 0.16953125 0.0859375