0 0.84296875 0.47734375 0.1578125 0.1734375
0 0.69453125 0.4171875 0.175 0.1796875
0 0.596875 0.1921875 0.2109375 0.196875
0 0.49140625 0.34765625 0.16875 0.2
0 0.3765625 0.1046875 0.19375 0.209375
0 0.115625 0.0671875 0.23125 0.134375
0 0.053125 0.27890625 0.10625 0.209375
0 0.19609375 0.47109375 0.184375 0.2546875
0 0.39921875 0.62578125 0.31875 0.271875
0 0.603125 0.72109375 0.23125 0.2375
0 0.734375 0.7765625 0.259375 0.184375
0 0.8390625 0.80234375 0.184375 0.1515625
0 0.9515625 0.86328125 0.096875 0.21875