0 0.7390625 0.61875 0.22265625 0.2890625
0 0.553125 0.58046875 0.19609375 0.22265625
0 0.40859375 0.7609375 0.35 0.1671875
0 0.3484375 0.4984375 0.234375 0.14296875
0 0.54765625 0.3875 0.23203125 0.11640625
0 0.56875 0.27265625 0.278125 0.1375
0 0.34453125 0.3234375 0.240625 0.10625
0 0.09921875 0.47109375 0.1984375 0.17734375
0 0.13984375 0.26640625 0.2796875 0.0859375
0 0.30703125 0.22421875 0.2359375 0.1359375
0 0.271875 0.12578125 0.2125 0.0921875
0 0.13515625 0.209375 0.18828125 0.15234375
0 0.1625 0.0609375 0.2203125 0.059375
0 0.05234375 0.084375 0.1046875 0.09140625
0 0.1046875 0.028125 0.19140625 0.05625