0 0.32265625 0.9125 0.459375 0.175
0 0.47734375 0.6640625 0.328125 0.31875
0 0.32109375 0.62578125 0.09375 0.225
0 0.1515625 0.54296875 0.1875 0.321875
0 0.32265625 0.396875 0.275 0.2125
0 0.5 0.3078125 0.1625 0.1828125
0 0.63515625 0.48671875 0.259375 0.190625
0 0.728125 0.33359375 0.196875 0.16875
0 0.8140625 0.26171875 0.175 0.184375
0 0.86796875 0.17109375 0.1875 0.190625
0 0.90078125 0.0921875 0.1265625 0.13125
0 0.9125 0.0625 0.175 0.125
0 0.615625 0.06484375 0.14375 0.1296875
0 0.56328125 0.18359375 0.1171875 0.2125
0 0.37890625 0.23046875 0.13125 0.1765625