0 0.165625 0.6375 0.13125 0.353125
0 0.2671875 0.49921875 0.240625 0.240625
0 0.15546875 0.2796875 0.23125 0.3
0 0.36875 0.2125 0.1703125 0.4046875
0 0.55078125 0.2578125 0.16875 0.340625
0 0.6890625 0.28359375 0.1 0.190625
0 0.8046875 0.30859375 0.14375 0.259375
0 0.91484375 0.31953125 0.0625 0.2828125
0 0.99375 0.3671875 0.0125 0.21875
0 0.9015625 0.6671875 0.1125 0.33125
0 0.7453125 0.63203125 0.115625 0.325
0 0.61171875 0.79765625 0.1953125 0.290625
0 0.603125 0.5328125 0.184375 0.296875
0 0.425 0.6765625 0.159375 0.33125