0 0.09375 0.66328125 0.1515625 0.190625
0 0.62109375 0.39453125 0.3390625 0.2515625
0 0.1484375 0.85078125 0.2296875 0.15
0 0.56796875 0.84296875 0.3640625 0.3140625
0 0.24453125 0.48359375 0.24375 0.0875
0 0.22890625 0.29765625 0.2171875 0.09375
0 0.29765625 0.10859375 0.225 0.115625
0 0.634375 0.19453125 0.2859375 0.128125
0 0.621875 0.06171875 0.2734375 0.1234375
0 0.31953125 0.01640625 0.2171875 0.0328125
0 0.26484375 0.97109375 0.1484375 0.0578125
0 0.63203125 0.5875 0.425 0.1375
0 0.309375 0.6859375 0.28125 0.15