0 0.61328125 0.23984375 0.3046875 0.234375
0 0.57265625 0.4359375 0.234375 0.20625
0 0.76328125 0.58828125 0.1765625 0.36875
0 0.48671875 0.6515625 0.15 0.246875
0 0.36953125 0.44140625 0.121875 0.24375
0 0.2484375 0.4203125 0.14375 0.29375
0 0.30234375 0.65625 0.1125 0.253125
0 0.4578125 0.9046875 0.1875 0.190625
0 0.2421875 0.86171875 0.090625 0.275
0 0.19765625 0.6953125 0.14375 0.2484375
0 0.09375 0.7328125 0.096875 0.225
0 0.18125 0.87734375 0.1609375 0.1984375
0 0.02890625 0.84765625 0.05625 0.2328125
0 0.05 0.95390625 0.096875 0.0921875
0 0.01015625 0.90390625 0.0203125 0.1921875