0 0.82578125 0.403125 0.190625 0.2640625
0 0.5953125 0.1109375 0.4203125 0.221875
0 0.3828125 0.35859375 0.359375 0.2140625
0 0.61875 0.5859375 0.36875 0.171875
0 0.72890625 0.7375 0.3375 0.13125
0 0.31015625 0.81953125 0.2875 0.1
0 0.3359375 0.91484375 0.2875 0.096875
0 0.6875 0.94140625 0.3640625 0.1171875
0 0.4203125 0.97578125 0.334375 0.0484375
0 0.1625 0.5515625 0.315625 0.0875
0 0.20546875 0.67734375 0.3125 0.1078125
0 0.0796875 0.34140625 0.159375 0.171875
0 0.0609375 0.0515625 0.121875 0.103125