0 0.71953125 0.85859375 0.178125 0.2578125
0 0.83359375 0.64140625 0.078125 0.165625
0 0.640625 0.5625 0.134375 0.11875
0 0.34140625 0.41171875 0.178125 0.2515625
0 0.565625 0.81796875 0.128125 0.246875
0 0.47734375 0.63515625 0.121875 0.234375
0 0.22265625 0.71171875 0.25625 0.1546875
0 0.21953125 0.07890625 0.271875 0.15625
0 0.4671875 0.09296875 0.1203125 0.1859375
0 0.10234375 0.42578125 0.2046875 0.309375
0 0.5640625 0.38671875 0.159375 0.28125
0 0.721875 0.4078125 0.15625 0.29375
0 0.04296875 0.0984375 0.0859375 0.196875
0 0.75390625 0.65 0.11875 0.215625