0 0.44453125 0.275 0.17578125 0.12734375
0 0.66328125 0.3046875 0.15234375 0.1
0 0.71796875 0.82734375 0.34765625 0.2359375
0 0.6875 0.58671875 0.5359375 0.22734375
0 0.29453125 0.4453125 0.24609375 0.12578125
0 0.6375 0.51796875 0.1765625 0.1015625
0 0.1140625 0.78984375 0.228125 0.2296875
0 0.49375 0.18203125 0.18671875 0.090625
0 0.378125 0.34296875 0.27265625 0.13984375
0 0.65390625 0.37578125 0.23671875 0.1015625
0 0.21796875 0.56171875 0.3109375 0.22578125
0 0.56796875 0.61640625 0.2296875 0.14140625
0 0.4265625 0.78125 0.278125 0.20859375
0 0.471875 0.9546875 0.290625 0.090625