0 0.6265625 0.27265625 0.265625 0.05
0 0.44453125 0.2390625 0.1703125 0.1
0 0.584375 0.38984375 0.3203125 0.115625
0 0.40625 0.321875 0.190625 0.103125
0 0.31328125 0.38203125 0.26875 0.084375
0 0.63125 0.50703125 0.296875 0.16875
0 0.53515625 0.5859375 0.2796875 0.18125
0 0.25859375 0.50703125 0.203125 0.1375
0 0.134375 0.5734375 0.26875 0.196875
0 0.3453125 0.76640625 0.33125 0.175
0 0.58515625 0.8078125 0.29375 0.2484375
0 0.096875 0.7921875 0.19375 0.234375
0 0.41875 0.93828125 0.221875 0.1234375