0 0.53671875 0.215625 0.17578125 0.1265625
0 0.6796875 0.29609375 0.14609375 0.165625
0 0.9015625 0.35078125 0.16640625 0.1921875
0 0.8265625 0.42734375 0.14296875 0.1734375
0 0.7296875 0.728125 0.271875 0.3359375
0 0.92421875 0.68984375 0.1515625 0.2953125
0 0.54921875 0.6359375 0.2109375 0.25078125
0 0.4765625 0.42421875 0.1359375 0.25
0 0.37578125 0.290625 0.08125 0.1609375
0 0.3265625 0.55859375 0.1953125 0.24453125
0 0.21171875 0.56015625 0.10859375 0.2109375
0 0.17421875 0.55703125 0.18515625 0.2703125
0 0.23203125 0.28828125 0.1390625 0.21015625
0 0.09765625 0.2765625 0.1015625 0.15078125
0 0.06640625 0.5203125 0.1328125 0.21015625