0 0.2609375 0.54140625 0.078125 0.1234375
0 0.30625 0.53046875 0.0375 0.140625
0 0.38828125 0.48203125 0.04375 0.1625
0 0.45546875 0.5015625 0.05 0.15625
0 0.52890625 0.40625 0.09375 0.1578125
0 0.52890625 0.53359375 0.065625 0.1484375
0 0.596875 0.4625 0.103125 0.1875
0 0.7078125 0.52578125 0.109375 0.084375
0 0.73984375 0.40546875 0.084375 0.1921875
0 0.77734375 0.65703125 0.140625 0.1640625
0 0.659375 0.675 0.096875 0.2
0 0.5828125 0.6703125 0.109375 0.171875
0 0.49609375 0.6578125 0.084375 0.19375
0 0.43984375 0.675 0.05625 0.171875
0 0.3765625 0.66484375 0.0796875 0.175
0 0.3203125 0.68203125 0.053125 0.11875
0 0.26640625 0.66796875 0.0875 0.190625