0 0.85078125 0.1046875 0.23125 0.14296875
0 0.76328125 0.18046875 0.18671875 0.1859375
0 0.61171875 0.2296875 0.23828125 0.1921875
0 0.47734375 0.303125 0.2453125 0.2078125
0 0.31015625 0.40078125 0.23203125 0.26171875
0 0.06875 0.58671875 0.1375 0.3296875
0 0.2734375 0.91484375 0.3234375 0.1703125
0 0.55546875 0.84921875 0.18671875 0.23828125
0 0.359375 0.71875 0.25234375 0.24296875
0 0.603125 0.61796875 0.34765625 0.26640625
0 0.7671875 0.51875 0.22265625 0.1734375
0 0.88203125 0.39140625 0.21484375 0.14609375
0 0.93359375 0.29140625 0.1328125 0.1546875