0 0.6734375 0.13125 0.17421875 0.13828125
0 0.4265625 0.6140625 0.23046875 0.3109375
0 0.84453125 0.18125 0.1375 0.2109375
0 0.846875 0.565625 0.30546875 0.33359375
0 0.50859375 0.26953125 0.08046875 0.221875
0 0.33828125 0.2546875 0.08671875 0.1984375
0 0.16484375 0.31796875 0.10703125 0.20703125
0 0.24296875 0.62578125 0.11796875 0.26171875
0 0.109375 0.61484375 0.13828125 0.25078125
0 0.04765625 0.33828125 0.0953125 0.1984375
0 0.9640625 0.28828125 0.0703125 0.1359375
0 0.60390625 0.62421875 0.12578125 0.3890625
0 0.69375 0.32890625 0.1375 0.2578125