0 0.32421875 0.07734375 0.23671875 0.06328125
0 0.51953125 0.07578125 0.175 0.053125
0 0.52109375 0.14296875 0.2015625 0.0625
0 0.321875 0.16171875 0.22421875 0.08515625
0 0.25234375 0.21640625 0.19140625 0.0625
0 0.59140625 0.22734375 0.2484375 0.09375
0 0.55625 0.30625 0.2203125 0.05625
0 0.6390625 0.45 0.25078125 0.16484375
0 0.43125 0.453125 0.27890625 0.11796875
0 0.271875 0.2953125 0.31953125 0.06796875
0 0.22265625 0.36875 0.2015625 0.10703125
0 0.1765625 0.53359375 0.203125 0.13671875
0 0.1625 0.6875 0.24140625 0.13125
0 0.56484375 0.609375 0.2890625 0.14375
0 0.38828125 0.753125 0.23203125 0.21015625
0 0.559375 0.87578125 0.33359375 0.16875
0 0.1390625 0.89296875 0.278125 0.19609375