0 0.4625 0.20546875 0.178125 0.128125
0 0.31796875 0.28671875 0.1484375 0.16875
0 0.0921875 0.3421875 0.16875 0.19375
0 0.16875 0.4203125 0.14375 0.1765625
0 0.2671875 0.72578125 0.275 0.340625
0 0.0734375 0.68671875 0.146875 0.3
0 0.45 0.6328125 0.2140625 0.2546875
0 0.52421875 0.4171875 0.1375 0.253125
0 0.62578125 0.28203125 0.0828125 0.1640625
0 0.6765625 0.55390625 0.1984375 0.2484375
0 0.79296875 0.55546875 0.109375 0.2140625
0 0.83125 0.55234375 0.1875 0.275
0 0.77265625 0.2796875 0.140625 0.2125
0 0.90859375 0.26796875 0.103125 0.153125
0 0.93671875 0.51484375 0.1265625 0.2125