0 0.30546875 0.11953125 0.1609375 0.071875
0 0.521875 0.12890625 0.2046875 0.090625
0 0.31484375 0.2 0.196875 0.0875
0 0.52890625 0.21328125 0.21875 0.06875
0 0.5515625 0.3359375 0.20625 0.0875
0 0.50703125 0.43984375 0.175 0.065625
0 0.6125 0.55 0.175 0.115625
0 0.44140625 0.5515625 0.128125 0.059375
0 0.52890625 0.66484375 0.196875 0.0953125
0 0.42578125 0.75 0.109375 0.1375
0 0.53515625 0.81328125 0.184375 0.071875
0 0.28828125 0.8390625 0.209375 0.1859375
0 0.25234375 0.69921875 0.2203125 0.115625
0 0.2671875 0.5984375 0.15 0.146875
0 0.2515625 0.4796875 0.196875 0.10625
0 0.2734375 0.390625 0.1828125 0.0984375
0 0.29375 0.28515625 0.1890625 0.0875